condition,status,next_test
L_n_to_Delta_h,open,DIFFUSION_MAP_LAPLACIAN_DERIVATION.md
universal_baseline,open,HEAT_KERNEL_BASELINE_UNIVERSALITY_TEST.md
baseline_curvature_independence,open,HEAT_KERNEL_BASELINE_UNIVERSALITY_TEST.md
flat_reference_zero_curvature,satisfied_by_construction,flat_torus
error_difference_vanishes,open,larger_refinement_campaign
heat_window_scaling,open,HEAT_WINDOW_SCALE_SELECTION.md
3D_extension,open,HEAT_KERNEL_3D_SPATIAL_TESTS.md
